Sequence_ID	KAN4049539.1	KAN4049538.1	KAN4049537.1	KAN4049536.1	KAN4028371.1	KAN4028370.1	KAN4028369.1	KAN4028368.1	KAN4028367.1	KAN4028366.1	KAN4028365.1	KAN4028364.1	KAN4020167.1	KAN4019825.1	KAN4019824.1	KAN3988656.1	KAN3988622.1	KAN3988621.1	KAN3988620.1	KAN3937019.1	KAN3909434.1	KAN3898344.1	KAN3815460.1	KAN3796834.1	KAN3796733.1	KAN3276177.1	KAN3244679.1	KAN3244455.1	KAN1728004.1	KAN1727817.1	XP_081252512.1	XP_081251926.1	XP_081251925.1	XP_081279448.1	XP_081279447.1	XP_081279446.1	XP_081279445.1	XP_081279444.1	XP_080421443.1	XP_080457172.1	XP_080489744.1	XP_080489380.1	XP_080478064.1	XP_080478071.1	XP_080478070.1	XP_080478069.1	XP_080478068.1	XP_080478067.1	XP_080478066.1	XP_080478065.1	XP_080478063.1	XP_080226139.1	XP_080226138.1	XP_080225761.1	XP_080225760.1	XP_080255093.1	XP_080255092.1	XP_080216133.1	XP_080215990.1	XP_080202477.1	XP_079403352.1	XP_079395065.1	XP_079184151.1	XP_079167338.1	XP_079167337.1	XP_079167336.1	XP_079167335.1	XP_079167334.1	XP_079054589.1	XP_079054588.1	XP_079054587.1	XP_079064106.1	XP_079064077.1	KAM9657203.1	KAM9656907.1	KAM9656906.1	KAM9629049.1	KAM9629048.1	KAM9629047.1	KAM9629046.1	KAM9629045.1	KAM9629044.1	KAM9549035.1	KAM9549034.1	KAM9549033.1	KAM9549032.1	KAM9549031.1	KAM9549030.1	KAM9549029.1	KAM9520985.1	KAM9520627.1	KAM9380728.1	KAM9368738.1	KAM9287290.1	KAM9284415.1	KAM9267304.1	KAM9267244.1	KAM9255269.1	KAM9255060.1	KAM9236084.1	KAM9215082.1	KAM9188857.1	KAM9174645.1	KAM9010565.1	KAM9010564.1	KAM9010563.1	KAM9010562.1	KAM9010561.1	KAM9010560.1	KAM9010559.1	KAM9010558.1	KAM9010557.1	KAM8988953.1	KAM8988543.1	KAM8806775.1	KAM8795385.1	KAM8795200.1	KAM7097051.1	KAM7097050.1	KAM7097049.1	KAM7082031.1	KAM7074423.1	KAM7048750.1	KAM7048749.1	KAM7048748.1	KAM7048747.1	KAM7048746.1	KAM7048745.1	KAM7048744.1	KAM7029977.1	KAM7029976.1	KAM7029824.1	KAM7017246.1	KAM6993681.1	KAM6993576.1	KAM6421179.1	KAM6421178.1	KAM6421177.1	KAM6399256.1	KAM6397452.1	KAM6397451.1	KAM6368541.1	KAM6348312.1	KAM6334097.1	KAM6334096.1	KAM6334095.1	KAM6334094.1	KAM6333948.1	KAM6332697.1	KAM6332696.1	KAM6312410.1	KAM6312155.1	KAM6307105.1	KAM6295428.1	KAM6295375.1	KAM6268683.1	KAM6268682.1	KAM6268681.1	KAM6260583.1	KAM6238621.1	KAM6234076.1	KAM6234075.1	KAM6234074.1	KAM6234073.1	KAM6234072.1	KAM6200806.1	KAM6189981.1	KAM6189741.1	KAM6131972.1	KAM6129456.1	KAM6114929.1	KAM6107986.1	KAM6107800.1	KAM6079057.1	KAM6079056.1	KAM6079055.1	KAM6071054.1	KAM6071053.1	KAM6042744.1	KAM6042490.1	KAM6042489.1	KAM6042488.1	KAM6042305.1	KAM6042101.1	KAM4897387.1	KAM4884552.1	KAM4884515.1	KAM4776468.1	KAM4756934.1	KAM4756933.1	KAM4756552.1	KAM4669087.1	KAM4669086.1	KAM4669085.1	KAM4645386.1	KAM4645123.1	XP_021390439.2	XP_021390438.2	XP_021390437.2	XP_077644499.1
KAN4049539.1	100.00	100.00	100.00	100.00	98.52	98.52	98.04	93.95	87.77	97.99	97.99	97.99	57.05	32.60	32.60	55.56	30.18	30.18	30.18	97.32	58.05	31.87	96.32	58.05	29.78	98.33	56.71	31.75	32.97	58.72	58.05	32.97	32.97	95.73	87.03	87.03	98.33	98.33	58.05	95.99	57.05	33.71	94.71	85.71	95.32	95.32	95.32	95.32	95.32	88.80	95.32	57.05	57.05	33.70	33.70	97.32	97.32	32.35	57.05	95.99	57.38	95.99	56.38	97.40	97.32	97.32	89.37	97.32	96.32	90.00	96.32	32.97	58.05	57.38	32.97	32.97	99.00	99.00	99.00	99.00	99.00	99.00	95.99	95.99	95.99	95.99	95.99	95.99	95.99	32.20	57.72	95.65	57.38	97.66	98.33	32.23	57.72	57.38	31.87	97.99	57.05	96.32	57.72	95.99	95.99	95.99	95.99	95.99	95.99	95.99	95.99	95.99	57.72	32.20	94.98	34.94	54.30	99.33	99.33	94.31	57.38	31.87	97.55	93.49	96.66	96.66	96.66	89.60	96.66	55.89	55.89	29.71	98.33	31.16	55.37	96.99	89.20	96.99	55.03	98.25	97.99	57.72	97.32	24.90	33.56	32.23	24.90	56.71	96.99	96.99	35.04	58.72	97.32	31.64	57.05	96.32	88.80	96.32	99.00	57.38	57.05	57.05	57.05	42.16	39.29	98.33	58.05	32.23	96.99	97.66	57.72	58.72	31.87	96.99	96.99	96.99	96.66	96.66	33.33	48.59	58.39	39.91	57.72	33.33	97.66	30.91	55.56	98.33	28.73	18.06	56.57	94.98	94.98	94.98	31.82	57.05	97.66	97.66	97.66	30.18
KAN4049538.1	100.00	100.00	100.00	100.00	98.52	98.52	98.04	93.95	87.77	97.99	97.99	97.99	57.05	32.60	32.60	55.56	30.18	30.18	30.18	97.32	58.05	31.87	96.32	58.05	29.78	98.33	56.71	31.75	32.97	58.72	58.05	32.97	32.97	95.73	87.03	87.03	98.33	98.33	58.05	95.99	57.05	33.71	94.71	85.71	95.32	95.32	95.32	95.32	95.32	88.80	95.32	57.05	57.05	33.70	33.70	97.32	97.32	32.35	57.05	95.99	57.38	95.99	56.38	97.40	97.32	97.32	89.37	97.32	96.32	90.00	96.32	32.97	58.05	57.38	32.97	32.97	99.00	99.00	99.00	99.00	99.00	99.00	95.99	95.99	95.99	95.99	95.99	95.99	95.99	32.20	57.72	95.65	57.38	97.66	98.33	32.23	57.72	57.38	31.87	97.99	57.05	96.32	57.72	95.99	95.99	95.99	95.99	95.99	95.99	95.99	95.99	95.99	57.72	32.20	94.98	34.94	54.30	99.33	99.33	94.31	57.38	31.87	97.55	93.49	96.66	96.66	96.66	89.60	96.66	55.89	55.89	29.71	98.33	31.16	55.37	96.99	89.20	96.99	55.03	98.25	97.99	57.72	97.32	24.90	33.56	32.23	24.90	56.71	96.99	96.99	35.04	58.72	97.32	31.64	57.05	96.32	88.80	96.32	99.00	57.38	57.05	57.05	57.05	42.16	39.29	98.33	58.05	32.23	96.99	97.66	57.72	58.72	31.87	96.99	96.99	96.99	96.66	96.66	33.33	48.59	58.39	39.91	57.72	33.33	97.66	30.91	55.56	98.33	28.73	18.06	56.57	94.98	94.98	94.98	31.82	57.05	97.66	97.66	97.66	30.18
KAN4049537.1	100.00	100.00	100.00	100.00	98.46	98.46	98.08	94.83	89.82	97.99	97.99	98.03	53.95	32.52	32.52	52.69	29.91	29.91	29.91	97.46	54.80	32.22	96.62	55.37	29.66	98.59	53.67	31.21	32.52	55.37	54.80	32.83	32.83	96.25	89.15	89.15	98.33	98.31	54.80	96.62	53.95	33.44	95.08	87.80	95.32	95.32	95.32	95.32	95.32	90.20	95.49	53.95	53.95	33.13	33.13	97.32	97.75	31.40	53.67	96.34	54.52	96.34	53.39	97.40	97.32	97.32	91.29	97.75	96.32	91.50	96.62	34.04	55.65	54.24	32.83	32.83	99.00	99.00	92.17	99.15	90.75	90.75	95.99	95.99	95.99	95.99	95.99	95.99	96.06	32.19	55.08	96.34	54.24	98.03	98.59	32.22	54.80	54.24	32.22	98.03	53.95	96.90	54.52	95.99	95.99	95.99	95.99	95.99	95.99	95.99	95.99	96.06	55.08	32.19	95.49	34.15	52.74	95.33	99.15	83.24	54.52	31.91	98.08	94.83	96.66	96.66	96.66	91.50	97.18	52.97	52.97	30.12	98.59	30.72	52.54	96.99	91.18	97.46	52.54	98.25	98.03	54.52	97.75	26.54	33.66	32.52	26.54	53.67	96.99	97.46	34.55	55.65	97.75	31.72	54.24	96.32	90.85	96.90	99.15	54.24	53.95	53.95	53.95	41.15	38.93	98.59	55.08	32.52	97.46	98.03	54.80	56.21	31.91	96.99	96.99	97.46	96.66	97.18	32.83	45.92	55.08	39.43	54.52	32.52	98.03	30.82	52.69	98.31	29.31	18.06	53.54	94.98	94.98	94.93	31.56	54.52	97.66	97.66	97.75	29.61
KAN4049536.1	100.00	100.00	100.00	100.00	98.46	98.46	98.08	94.83	89.82	97.99	97.99	98.03	53.95	32.52	32.52	52.69	29.91	29.91	29.91	97.46	54.80	32.22	96.62	55.37	29.66	98.59	53.67	31.21	32.52	55.37	54.80	32.83	32.83	96.25	89.15	89.15	98.33	98.31	54.80	96.62	53.95	33.44	95.08	87.80	95.32	95.32	95.32	95.32	95.32	90.20	95.49	53.95	53.95	33.13	33.13	97.32	97.75	31.40	53.67	96.34	54.52	96.34	53.39	97.40	97.32	97.32	91.29	97.75	96.32	91.50	96.62	34.04	55.65	54.24	32.83	32.83	99.00	99.00	92.17	99.15	90.75	90.75	95.99	95.99	95.99	95.99	95.99	95.99	96.06	32.19	55.08	96.34	54.24	98.03	98.59	32.22	54.80	54.24	32.22	98.03	53.95	96.90	54.52	95.99	95.99	95.99	95.99	95.99	95.99	95.99	95.99	96.06	55.08	32.19	95.49	34.15	52.74	95.33	99.15	83.24	54.52	31.91	98.08	94.83	96.66	96.66	96.66	91.50	97.18	52.97	52.97	30.12	98.59	30.72	52.54	96.99	91.18	97.46	52.54	98.25	98.03	54.52	97.75	26.54	33.66	32.52	26.54	53.67	96.99	97.46	34.55	55.65	97.75	31.72	54.24	96.32	90.85	96.90	99.15	54.24	53.95	53.95	53.95	41.15	38.93	98.59	55.08	32.52	97.46	98.03	54.80	56.21	31.91	96.99	96.99	97.46	96.66	97.18	32.83	45.92	55.08	39.43	54.52	32.52	98.03	30.82	52.69	98.31	29.31	18.06	53.54	94.98	94.98	94.93	31.56	54.52	97.66	97.66	97.75	29.61
KAN4028371.1	98.52	98.52	98.46	98.46	100.00	100.00	100.00	100.00	100.00	100.00	100.00	100.00	54.65	35.10	35.10	54.26	34.02	34.02	34.02	97.68	54.26	35.51	97.30	55.43	33.74	98.07	54.26	35.51	35.92	54.65	55.04	35.92	35.92	97.68	97.68	97.68	98.03	97.68	55.43	96.14	53.88	36.40	96.14	96.14	96.55	96.55	96.55	96.55	96.55	96.14	96.14	54.26	54.26	36.33	36.33	97.54	97.68	34.57	53.88	96.14	55.43	96.14	54.65	99.01	99.01	99.01	98.84	98.84	97.54	97.30	97.30	37.14	56.20	55.04	35.51	35.51	98.52	98.52	88.98	98.46	87.20	87.20	96.55	96.55	96.55	96.55	96.55	96.55	96.14	35.98	55.43	96.14	55.04	97.68	98.07	35.10	55.04	54.65	35.51	96.91	55.43	96.14	55.04	96.55	96.55	96.55	96.55	96.55	96.55	96.55	96.55	96.14	55.43	35.98	94.98	35.51	55.43	92.89	98.07	76.40	54.65	34.69	98.46	98.46	98.52	98.52	98.52	98.46	98.46	53.88	53.88	35.51	98.84	34.29	54.26	97.04	97.30	97.30	53.49	98.46	98.46	54.26	97.68	32.00	34.15	35.51	32.00	53.88	98.03	98.07	38.78	55.81	97.30	35.51	55.43	95.57	96.14	96.14	98.07	54.65	53.88	53.88	53.88	44.64	44.64	98.07	55.04	35.92	97.30	97.68	54.65	56.98	35.10	97.04	97.04	97.30	97.54	97.68	35.10	45.06	54.65	45.06	54.65	34.69	98.84	34.84	53.88	98.84	33.61	17.86	54.26	95.57	95.57	94.98	34.73	54.65	98.52	98.52	98.84	33.20
KAN4028370.1	98.52	98.52	98.46	98.46	100.00	100.00	100.00	100.00	100.00	100.00	100.00	100.00	54.65	35.10	35.10	54.26	34.02	34.02	34.02	97.68	54.26	35.51	97.30	55.43	33.74	98.07	54.26	35.51	35.92	54.65	55.04	35.92	35.92	97.68	97.68	97.68	98.03	97.68	55.43	96.14	53.88	36.40	96.14	96.14	96.55	96.55	96.55	96.55	96.55	96.14	96.14	54.26	54.26	36.33	36.33	97.54	97.68	34.57	53.88	96.14	55.43	96.14	54.65	99.01	99.01	99.01	98.84	98.84	97.54	97.30	97.30	37.14	56.20	55.04	35.51	35.51	98.52	98.52	88.98	98.46	87.20	87.20	96.55	96.55	96.55	96.55	96.55	96.55	96.14	35.98	55.43	96.14	55.04	97.68	98.07	35.10	55.04	54.65	35.51	96.91	55.43	96.14	55.04	96.55	96.55	96.55	96.55	96.55	96.55	96.55	96.55	96.14	55.43	35.98	94.98	35.51	55.43	92.89	98.07	76.40	54.65	34.69	98.46	98.46	98.52	98.52	98.52	98.46	98.46	53.88	53.88	35.51	98.84	34.29	54.26	97.04	97.30	97.30	53.49	98.46	98.46	54.26	97.68	32.00	34.15	35.51	32.00	53.88	98.03	98.07	38.78	55.81	97.30	35.51	55.43	95.57	96.14	96.14	98.07	54.65	53.88	53.88	53.88	44.64	44.64	98.07	55.04	35.92	97.30	97.68	54.65	56.98	35.10	97.04	97.04	97.30	97.54	97.68	35.10	45.06	54.65	45.06	54.65	34.69	98.84	34.84	53.88	98.84	33.61	17.86	54.26	95.57	95.57	94.98	34.73	54.65	98.52	98.52	98.84	33.20
KAN4028369.1	98.04	98.04	98.08	98.08	100.00	100.00	100.00	99.62	99.62	99.51	99.51	99.62	54.44	34.96	34.96	54.05	33.88	33.88	33.88	97.31	54.05	35.37	96.92	55.21	33.61	97.69	54.05	35.37	35.77	54.44	54.83	35.77	35.77	97.31	97.69	97.69	97.55	97.31	55.21	95.77	53.67	36.25	95.77	96.15	96.08	96.08	96.08	96.08	96.08	95.77	95.77	54.05	54.05	36.18	36.18	97.06	97.31	34.43	53.67	95.77	55.21	95.77	54.44	99.02	98.53	98.53	98.46	98.46	97.06	96.92	96.92	36.99	55.98	54.83	35.37	35.37	98.04	98.04	88.61	98.08	86.85	86.85	96.08	96.08	96.08	96.08	96.08	96.08	95.77	35.83	55.21	95.77	54.83	97.31	97.69	34.96	54.83	54.44	35.37	96.54	55.21	95.77	54.83	96.08	96.08	96.08	96.08	96.08	96.08	96.08	96.08	95.77	55.21	35.83	94.62	35.37	55.21	92.48	97.69	76.10	54.44	34.55	98.08	98.08	98.04	98.04	98.04	98.08	98.08	53.67	53.67	35.37	98.46	34.15	54.05	96.57	96.92	96.92	53.28	98.08	98.08	54.05	97.31	31.86	34.15	35.37	31.86	53.67	97.55	97.69	38.62	55.60	96.92	35.37	55.21	95.10	95.77	95.77	97.69	54.44	53.67	53.67	53.67	44.64	44.64	97.69	54.83	35.77	96.92	97.31	54.44	56.76	34.96	96.57	96.57	96.92	97.06	97.31	34.96	45.06	54.44	45.06	54.44	34.55	98.46	34.69	53.67	98.46	33.47	17.73	54.05	95.10	95.10	94.62	34.58	54.44	98.04	98.04	98.46	33.06
KAN4028368.1	93.95	93.95	94.83	94.83	100.00	100.00	99.62	100.00	96.31	95.35	95.35	96.31	52.59	33.46	33.46	52.22	32.42	32.42	32.42	94.10	52.59	34.24	93.73	53.33	32.55	94.46	52.22	34.24	34.63	52.59	52.96	34.24	34.24	94.76	94.44	94.44	93.49	94.10	53.33	92.62	51.85	35.06	94.70	92.94	92.09	92.09	92.09	92.09	92.09	92.62	92.62	52.22	52.22	34.63	34.63	93.02	94.10	33.33	51.85	92.62	53.33	92.99	52.59	98.53	94.42	94.42	95.20	95.20	93.02	93.73	93.73	35.41	54.07	52.96	33.85	33.85	93.95	93.95	85.48	94.83	83.97	83.97	92.09	92.09	92.09	92.09	92.09	92.09	92.62	34.66	53.33	92.62	52.96	94.10	94.46	33.46	52.96	52.59	34.24	93.36	53.33	92.62	52.96	92.09	92.09	92.09	92.09	92.09	92.09	92.09	92.09	92.62	53.33	34.66	91.51	33.85	53.33	89.03	94.46	73.66	52.59	33.07	98.08	98.14	93.95	93.95	93.95	94.83	94.83	51.85	51.85	33.85	95.20	32.68	52.22	92.56	93.73	93.73	51.48	94.83	94.83	52.22	94.10	30.38	34.15	34.24	30.38	51.85	93.49	94.46	36.96	53.70	93.73	33.85	53.33	91.16	92.62	92.62	94.46	52.59	51.85	51.85	51.85	44.64	44.64	94.46	52.96	34.24	93.73	94.10	52.59	54.81	33.46	92.56	92.56	93.73	93.02	94.10	33.85	45.06	52.59	45.06	52.59	33.46	95.20	33.20	51.85	95.20	32.03	16.45	52.22	91.16	91.16	91.51	33.47	52.59	93.95	93.95	95.20	31.64
KAN4028367.1	87.77	87.77	89.82	89.82	100.00	100.00	99.62	96.31	100.00	89.08	89.08	91.23	50.00	31.97	31.97	50.00	31.60	31.60	31.60	89.12	49.65	32.71	89.12	50.70	31.46	89.47	49.65	32.59	33.09	49.65	50.35	32.71	32.71	95.13	92.75	92.75	87.34	89.12	50.70	87.72	49.30	33.85	94.32	89.64	86.03	86.03	86.03	86.03	86.03	88.07	87.72	49.65	49.65	33.09	33.09	86.90	89.12	31.84	49.30	88.07	50.70	87.72	50.35	98.53	88.21	88.21	90.53	90.18	86.90	89.12	88.77	33.83	51.41	50.35	32.34	32.34	87.77	87.77	80.53	89.82	79.35	79.35	86.03	86.03	86.03	86.03	86.03	86.03	87.72	33.46	50.70	87.72	50.35	89.12	89.47	31.97	50.35	50.00	32.34	88.42	50.70	87.72	50.35	86.03	86.03	86.03	86.03	86.03	86.03	86.03	86.03	87.72	50.70	33.46	86.67	32.71	51.61	83.67	89.47	69.57	50.00	31.97	98.08	95.17	87.77	87.77	87.77	90.18	89.82	49.65	49.65	32.59	90.18	31.11	50.00	86.46	89.12	88.77	48.94	91.76	89.82	49.65	89.12	29.88	34.15	32.71	29.88	49.30	87.34	89.47	35.19	51.06	88.77	32.34	50.70	85.15	88.07	87.72	89.47	50.00	49.30	49.30	49.30	44.12	43.93	89.47	50.35	32.71	88.77	89.12	50.00	52.11	31.97	86.46	86.46	88.77	86.90	89.12	32.34	45.06	49.65	44.35	50.00	31.97	90.18	31.60	49.65	90.18	30.48	15.15	49.65	85.15	85.15	86.67	32.31	50.00	87.77	87.77	90.18	30.48
KAN4028366.1	97.99	97.99	97.99	97.99	100.00	100.00	99.51	95.35	89.08	100.00	100.00	100.00	57.38	33.33	33.33	55.89	30.55	30.55	30.55	97.32	57.72	32.60	96.32	57.72	30.51	97.66	57.05	32.48	33.70	58.39	57.72	33.70	33.70	94.31	85.77	85.77	97.66	97.66	58.05	95.32	57.05	34.09	94.23	85.71	95.32	95.32	95.32	95.32	95.32	88.80	95.32	56.71	56.71	34.43	34.43	96.99	96.99	32.72	57.05	95.65	57.38	94.98	56.38	98.27	98.66	98.66	90.16	98.66	96.66	90.00	96.66	33.70	58.39	57.05	33.70	33.70	97.66	97.66	97.66	97.66	97.66	97.66	95.99	95.99	95.99	95.99	95.99	95.99	95.99	32.58	57.72	95.32	57.05	96.99	97.66	32.97	57.38	57.72	32.23	97.32	57.38	95.65	57.72	95.99	95.99	95.99	95.99	95.99	95.99	95.99	95.99	95.99	57.72	32.58	94.98	35.69	54.98	98.66	98.66	93.65	57.72	32.60	98.04	93.95	97.99	97.99	97.99	90.40	97.99	55.56	55.56	30.07	99.00	30.43	55.37	96.99	88.40	96.99	55.03	98.25	97.99	58.05	96.66	25.30	34.23	32.97	25.30	57.05	96.32	96.32	35.77	58.72	96.66	32.36	57.38	95.65	88.00	95.65	98.33	57.05	57.38	57.38	57.38	41.18	38.39	97.66	57.72	32.97	96.32	96.99	57.38	58.39	32.60	96.66	96.66	96.66	95.99	95.99	34.07	47.46	58.05	39.01	58.05	34.07	98.33	30.55	55.22	99.00	29.09	18.06	56.23	94.98	94.98	94.98	32.20	57.05	98.33	98.33	98.33	30.55
KAN4028365.1	97.99	97.99	97.99	97.99	100.00	100.00	99.51	95.35	89.08	100.00	100.00	100.00	57.38	33.33	33.33	55.89	30.55	30.55	30.55	97.32	57.72	32.60	96.32	57.72	30.51	97.66	57.05	32.48	33.70	58.39	57.72	33.70	33.70	94.31	85.77	85.77	97.66	97.66	58.05	95.32	57.05	34.09	94.23	85.71	95.32	95.32	95.32	95.32	95.32	88.80	95.32	56.71	56.71	34.43	34.43	96.99	96.99	32.72	57.05	95.65	57.38	94.98	56.38	98.27	98.66	98.66	90.16	98.66	96.66	90.00	96.66	33.70	58.39	57.05	33.70	33.70	97.66	97.66	97.66	97.66	97.66	97.66	95.99	95.99	95.99	95.99	95.99	95.99	95.99	32.58	57.72	95.32	57.05	96.99	97.66	32.97	57.38	57.72	32.23	97.32	57.38	95.65	57.72	95.99	95.99	95.99	95.99	95.99	95.99	95.99	95.99	95.99	57.72	32.58	94.98	35.69	54.98	98.66	98.66	93.65	57.72	32.60	98.04	93.95	97.99	97.99	97.99	90.40	97.99	55.56	55.56	30.07	99.00	30.43	55.37	96.99	88.40	96.99	55.03	98.25	97.99	58.05	96.66	25.30	34.23	32.97	25.30	57.05	96.32	96.32	35.77	58.72	96.66	32.36	57.38	95.65	88.00	95.65	98.33	57.05	57.38	57.38	57.38	41.18	38.39	97.66	57.72	32.97	96.32	96.99	57.38	58.39	32.60	96.66	96.66	96.66	95.99	95.99	34.07	47.46	58.05	39.01	58.05	34.07	98.33	30.55	55.22	99.00	29.09	18.06	56.23	94.98	94.98	94.98	32.20	57.05	98.33	98.33	98.33	30.55
KAN4028364.1	97.99	97.99	98.03	98.03	100.00	100.00	99.62	96.31	91.23	100.00	100.00	100.00	54.24	33.13	33.13	53.26	30.21	30.21	30.21	97.18	54.52	32.83	96.34	55.08	30.28	97.75	53.95	31.82	33.13	55.08	54.52	33.43	33.43	94.76	87.80	87.80	97.66	97.46	54.80	95.77	53.95	33.75	94.32	87.46	95.32	95.32	95.32	95.32	95.32	89.87	95.21	53.67	53.67	33.74	33.74	96.99	97.18	31.71	53.67	95.77	54.52	95.21	53.67	98.27	98.66	98.66	91.61	98.59	96.66	91.18	96.62	34.65	55.93	53.95	33.43	33.43	97.66	97.66	90.96	97.75	89.60	89.60	95.99	95.99	95.99	95.99	95.99	95.99	95.77	32.50	55.08	95.77	53.95	97.18	97.75	32.83	54.52	54.52	32.52	97.18	54.24	96.06	54.52	95.99	95.99	95.99	95.99	95.99	95.99	95.99	95.99	95.77	55.08	32.50	95.21	34.77	53.31	94.70	98.31	82.66	54.80	32.52	98.08	94.83	97.99	97.99	97.99	91.83	98.03	52.97	52.97	30.42	98.87	30.12	52.82	96.99	90.20	97.18	52.54	97.89	97.75	54.80	96.90	26.86	34.15	33.13	26.86	53.95	96.32	96.62	35.15	55.65	96.90	32.33	54.52	95.65	89.87	96.06	98.31	53.95	54.24	54.24	54.24	40.38	38.21	97.75	54.80	33.13	96.62	97.18	54.52	55.93	32.52	96.66	96.66	96.90	95.99	96.34	33.43	45.06	54.80	38.71	54.80	33.13	98.31	30.51	52.69	98.59	29.61	18.06	53.54	94.98	94.98	94.65	31.87	54.52	98.33	98.33	98.59	29.91
KAN4020167.1	57.05	57.05	53.95	53.95	54.65	54.65	54.44	52.59	50.00	57.38	57.38	54.24	100.00	32.93	32.93	86.27	35.76	35.76	35.33	55.08	93.85	32.62	54.80	93.85	33.44	55.08	93.85	33.43	33.23	94.13	94.13	32.01	31.63	53.76	50.00	50.00	57.72	54.52	90.22	54.80	89.66	33.23	53.99	50.00	57.38	57.38	57.38	57.38	57.38	52.46	54.24	93.02	93.02	33.13	33.13	57.38	53.63	33.33	91.34	54.24	91.06	54.80	84.08	58.26	57.72	57.72	52.75	54.52	57.72	52.79	54.24	33.54	91.62	97.21	33.23	33.23	57.05	57.05	52.27	53.95	50.14	50.14	57.05	57.05	57.05	57.05	57.05	57.05	53.95	32.29	91.06	54.80	90.22	53.95	53.95	32.62	94.69	94.41	31.40	54.52	93.85	54.52	90.78	57.05	57.05	57.05	57.05	57.05	57.05	57.05	57.05	53.95	91.06	32.60	55.65	35.49	77.21	54.69	54.52	47.28	95.25	32.62	54.44	52.59	57.38	57.38	57.38	52.79	54.24	86.83	86.83	33.43	54.24	34.03	84.36	58.05	52.46	54.80	88.83	55.28	53.95	95.25	54.52	26.62	34.13	32.23	26.60	93.30	57.38	54.24	34.04	94.13	54.24	33.03	90.78	57.38	52.79	54.24	54.52	94.41	95.53	95.53	95.53	70.72	66.78	54.52	95.81	32.32	54.52	55.08	95.53	89.66	33.84	57.72	57.72	54.52	58.72	55.37	33.23	76.69	94.97	66.31	94.69	33.84	54.24	35.63	86.27	54.52	32.93	22.12	86.83	56.38	56.38	53.39	32.92	90.22	57.05	57.05	53.95	35.03
KAN4019825.1	32.60	32.60	32.52	32.52	35.10	35.10	34.96	33.46	31.97	33.33	33.33	33.13	32.93	100.00	100.00	33.23	58.16	58.16	58.16	33.43	33.23	85.96	33.13	33.84	71.09	32.83	33.23	78.36	87.72	33.23	33.23	87.43	87.43	33.60	30.36	30.36	32.97	32.83	34.15	33.13	34.45	63.55	34.40	31.73	34.07	34.07	34.07	34.07	34.07	32.29	33.43	33.23	33.23	88.86	88.86	33.33	33.13	73.82	34.76	32.83	32.62	32.83	33.13	36.32	33.33	33.33	31.96	33.13	32.97	31.94	32.52	80.99	33.54	33.54	97.08	97.08	32.60	32.60	30.39	32.52	29.69	29.69	34.07	34.07	34.07	34.07	34.07	34.07	33.43	61.28	34.45	33.13	32.93	32.83	32.83	86.26	32.93	34.15	89.77	32.83	33.54	32.83	34.15	34.07	34.07	34.07	34.07	34.07	34.07	34.07	34.07	33.43	34.45	61.59	31.91	69.73	35.89	32.20	32.83	29.06	32.62	90.06	34.55	33.07	33.33	33.33	33.33	31.94	33.13	32.93	32.93	60.06	33.43	59.17	33.43	33.33	31.94	33.13	33.84	34.46	32.52	33.54	33.13	61.29	81.52	88.01	61.29	34.15	32.97	32.83	80.99	33.23	32.83	74.56	34.15	32.97	31.94	32.83	32.83	32.93	33.54	33.54	33.54	33.72	33.45	32.83	33.54	90.64	32.83	32.83	33.23	34.45	88.30	32.97	32.97	32.83	32.97	32.83	90.35	34.48	33.23	32.97	32.32	83.92	33.13	60.24	32.62	33.13	62.61	35.22	33.54	34.43	34.43	33.74	61.75	34.15	33.33	33.33	33.13	59.35
KAN4019824.1	32.60	32.60	32.52	32.52	35.10	35.10	34.96	33.46	31.97	33.33	33.33	33.13	32.93	100.00	100.00	33.23	58.16	58.16	58.16	33.43	33.23	85.96	33.13	33.84	71.09	32.83	33.23	78.36	87.72	33.23	33.23	87.43	87.43	33.60	30.36	30.36	32.97	32.83	34.15	33.13	34.45	63.55	34.40	31.73	34.07	34.07	34.07	34.07	34.07	32.29	33.43	33.23	31.05	88.89	87.78	33.33	33.13	73.82	34.76	32.83	32.62	32.83	33.13	36.32	33.33	33.33	31.96	33.13	32.97	31.94	32.52	80.99	33.54	33.54	97.08	96.66	32.60	32.60	30.39	32.52	29.69	29.69	34.07	34.07	34.07	34.07	34.07	34.07	33.43	61.28	34.45	33.13	32.93	32.83	32.83	86.26	32.93	34.15	89.77	32.83	33.54	32.83	34.15	34.07	34.07	34.07	34.07	34.07	34.07	34.07	34.07	33.43	34.45	61.59	31.91	69.73	35.89	32.20	32.83	29.06	32.62	90.06	34.55	33.07	33.33	33.33	33.33	31.94	33.13	32.93	31.90	60.06	33.43	59.17	33.43	33.33	31.94	33.13	33.84	34.46	32.52	33.54	33.13	59.94	73.03	88.01	59.94	34.15	32.97	32.83	80.99	33.23	32.83	74.56	34.15	32.97	31.94	32.83	32.83	32.93	33.54	33.54	33.54	31.85	31.75	32.83	33.54	90.64	32.83	32.83	33.23	34.45	88.30	32.97	32.97	32.83	32.97	32.83	90.35	32.33	33.23	31.31	32.32	83.92	33.13	60.24	32.62	33.13	62.61	31.77	33.54	34.43	34.43	33.74	61.75	34.15	33.33	33.33	33.13	59.35
KAN3988656.1	55.56	55.56	52.69	52.69	54.26	54.26	54.05	52.22	50.00	55.89	55.89	53.26	86.27	33.23	33.23	100.00	33.94	33.94	33.53	53.82	86.55	32.32	53.26	86.83	33.44	53.82	86.83	33.43	33.54	86.83	85.71	32.93	32.53	53.01	49.32	49.32	56.23	53.26	83.75	53.54	84.87	33.86	53.61	49.30	56.23	56.23	56.23	56.23	56.23	51.64	53.26	84.59	84.59	34.04	34.04	55.89	52.38	33.03	85.15	52.97	83.19	52.97	93.02	57.39	56.23	56.23	51.62	53.26	55.89	51.32	52.69	34.15	85.99	85.99	33.54	33.54	55.56	55.56	50.91	52.69	48.85	48.85	55.89	55.89	55.89	55.89	55.89	55.89	52.97	32.60	85.43	53.26	84.59	52.69	52.69	33.23	86.27	86.27	31.71	53.26	87.39	52.97	84.59	55.89	55.89	55.89	55.89	55.89	55.89	55.89	55.89	52.97	85.43	33.23	53.82	33.95	73.79	53.29	53.26	45.98	87.96	32.62	53.67	51.85	55.89	55.89	55.89	51.64	52.97	96.37	96.37	31.34	52.97	32.24	95.25	56.23	51.32	53.26	84.31	53.87	52.69	87.11	53.26	25.00	32.21	33.13	24.68	85.99	55.56	52.69	34.95	85.99	53.26	32.42	84.87	56.57	52.30	53.54	53.26	86.83	85.99	85.99	85.99	65.40	61.84	53.26	85.99	32.01	53.26	54.39	86.83	84.87	34.15	56.23	56.23	53.26	57.24	54.11	33.54	72.03	86.83	62.63	86.55	34.45	52.97	33.23	96.65	53.26	31.44	21.24	94.41	55.22	55.22	52.41	33.54	84.59	56.23	56.23	53.54	33.23
KAN3988622.1	30.18	30.18	29.91	29.91	34.02	34.02	33.88	32.42	31.60	30.55	30.55	30.21	35.76	58.16	58.16	33.94	100.00	100.00	100.00	30.21	35.45	58.46	29.91	36.36	60.00	29.91	35.76	55.33	58.75	34.85	34.85	56.68	56.68	32.94	30.11	30.11	30.18	29.91	35.76	30.21	35.45	57.58	32.53	30.26	30.18	30.18	30.18	30.18	30.18	30.56	29.61	35.45	35.42	55.65	55.65	30.55	30.21	57.91	35.45	29.91	35.15	29.91	34.44	35.07	30.91	30.91	31.27	30.51	30.18	30.90	29.61	57.57	35.15	35.76	57.86	57.86	29.82	29.82	27.60	29.61	26.71	26.71	30.18	30.18	30.18	30.18	30.18	30.18	29.61	55.79	35.45	29.91	34.24	29.91	29.91	56.38	34.55	35.45	56.38	29.91	35.76	29.91	35.76	30.18	30.18	30.18	30.18	30.18	30.18	30.18	30.18	29.61	35.45	55.49	29.61	57.96	36.39	28.96	29.91	27.33	34.24	58.46	33.47	32.03	30.55	30.55	30.55	31.25	30.21	33.03	33.04	85.38	30.51	84.80	33.84	30.55	30.56	30.21	35.45	32.58	29.61	35.76	29.91	46.62	58.96	57.27	46.62	34.85	30.18	29.91	59.17	33.94	29.91	58.88	35.45	30.18	30.90	29.91	29.91	35.45	35.15	35.15	35.15	34.50	34.52	29.91	34.85	57.86	29.91	30.51	35.15	35.76	59.35	30.55	30.55	30.21	30.18	29.91	57.86	34.48	35.15	32.62	35.15	57.86	29.91	83.92	33.33	30.51	86.26	54.31	33.94	30.18	30.18	29.61	57.45	35.15	30.18	30.18	29.91	92.40
KAN3988621.1	30.18	30.18	29.91	29.91	34.02	34.02	33.88	32.42	31.60	30.55	30.55	30.21	35.76	58.16	58.16	33.94	100.00	100.00	100.00	30.21	35.45	58.46	29.91	36.36	60.00	29.91	35.76	55.33	58.75	34.85	34.85	56.68	56.68	32.94	30.11	30.11	30.18	29.91	35.76	30.21	35.45	57.58	32.53	30.26	30.18	30.18	30.18	30.18	30.18	30.56	29.61	35.45	35.42	55.65	55.65	30.55	30.21	57.91	35.45	29.91	35.15	29.91	34.44	35.07	30.91	30.91	31.27	30.51	30.18	30.90	29.61	57.57	35.15	35.76	57.86	57.86	29.82	29.82	27.60	29.61	26.71	26.71	30.18	30.18	30.18	30.18	30.18	30.18	29.61	55.79	35.45	29.91	34.24	29.91	29.91	56.38	34.55	35.45	56.38	29.91	35.76	29.91	35.76	30.18	30.18	30.18	30.18	30.18	30.18	30.18	30.18	29.61	35.45	55.49	29.61	57.96	36.39	28.96	29.91	27.33	34.24	58.46	33.47	32.03	30.55	30.55	30.55	31.25	30.21	33.03	33.04	85.38	30.51	84.80	33.84	30.55	30.56	30.21	35.45	32.58	29.61	35.76	29.91	46.62	58.96	57.27	46.62	34.85	30.18	29.91	59.17	33.94	29.91	58.88	35.45	30.18	30.90	29.91	29.91	35.45	35.15	35.15	35.15	34.50	34.52	29.91	34.85	57.86	29.91	30.51	35.15	35.76	59.35	30.55	30.55	30.21	30.18	29.91	57.86	34.48	35.15	32.62	35.15	57.86	29.91	83.92	33.33	30.51	86.26	54.31	33.94	30.18	30.18	29.61	57.45	35.15	30.18	30.18	29.91	92.40
KAN3988620.1	30.18	30.18	29.91	29.91	34.02	34.02	33.88	32.42	31.60	30.55	30.55	30.21	35.33	58.16	58.16	33.53	100.00	100.00	100.00	30.21	35.03	58.46	29.91	35.93	60.00	29.91	35.01	55.33	58.75	34.43	34.43	56.68	55.49	32.94	30.11	30.11	30.18	29.91	35.33	30.21	35.03	57.58	32.53	30.26	30.18	30.18	30.18	30.18	30.18	30.56	29.61	35.03	35.00	54.78	54.78	30.55	29.71	57.91	35.03	29.91	34.73	29.91	34.03	35.07	30.91	30.91	31.27	30.51	30.18	30.90	29.61	57.57	34.73	35.33	57.86	57.86	29.82	29.82	27.60	29.61	25.98	25.98	30.18	30.18	30.18	30.18	30.18	30.18	29.61	55.79	35.03	29.91	33.83	29.91	29.91	56.38	34.13	35.03	56.38	29.91	35.33	29.91	35.33	30.18	30.18	30.18	30.18	30.18	30.18	30.18	30.18	29.61	35.03	55.49	29.61	57.96	35.95	28.96	29.91	26.89	33.83	58.46	33.47	32.03	30.55	30.55	30.55	31.25	30.21	32.63	32.65	84.62	30.51	84.05	33.43	30.55	30.56	30.21	35.03	32.58	29.61	35.33	29.91	46.62	57.92	56.65	46.25	34.43	30.18	29.91	59.17	33.53	29.91	58.88	35.03	30.18	30.90	29.91	29.91	35.03	34.73	34.73	34.73	33.97	34.04	29.91	34.43	57.86	29.91	30.51	34.73	35.63	59.35	30.55	30.55	30.21	30.18	29.91	57.86	33.90	34.73	32.16	34.73	57.86	29.91	83.19	32.93	30.51	85.47	54.31	33.53	30.18	30.18	29.61	57.45	34.73	30.18	30.18	29.91	92.59
KAN3937019.1	97.32	97.32	97.46	97.46	97.68	97.68	97.31	94.10	89.12	97.32	97.32	97.18	55.08	33.43	33.43	53.82	30.21	30.21	30.21	100.00	55.37	33.13	96.34	55.93	30.28	97.46	54.80	32.12	33.13	55.93	55.37	33.74	33.74	95.51	88.81	88.81	97.99	97.75	55.65	95.49	54.80	34.06	94.32	87.46	94.98	94.98	94.98	94.98	94.98	89.54	94.93	54.52	54.52	34.04	34.04	96.99	97.18	31.40	54.52	95.77	55.37	95.21	54.24	97.40	96.66	96.66	90.65	96.90	95.99	91.50	96.06	34.35	56.78	54.80	33.74	33.74	96.99	96.99	90.36	97.18	89.02	89.02	95.32	95.32	95.32	95.32	95.32	95.32	95.21	33.12	55.93	96.06	54.80	97.18	97.46	33.13	55.37	55.37	33.13	97.46	55.08	95.77	55.37	95.32	95.32	95.32	95.32	95.32	95.32	95.32	95.32	95.21	55.93	32.81	94.93	34.46	53.03	94.08	97.75	82.08	55.65	32.83	97.31	94.10	97.32	97.32	97.32	91.50	97.46	53.54	53.54	30.42	97.46	30.72	53.39	96.66	90.85	96.90	52.82	97.54	97.75	55.65	97.75	26.86	34.15	33.43	26.86	54.80	96.99	97.18	35.15	56.78	96.34	32.33	55.37	95.99	90.85	96.34	97.75	54.80	55.08	55.08	55.08	41.54	39.29	97.18	55.65	33.43	96.90	97.46	55.37	56.21	32.83	95.99	95.99	96.34	96.32	96.62	33.43	46.35	55.65	39.78	55.65	33.13	96.62	31.12	53.26	96.90	29.61	18.06	54.11	94.31	94.31	94.08	32.19	55.37	96.99	96.99	96.90	29.91
KAN3909434.1	58.05	58.05	54.80	54.80	54.26	54.26	54.05	52.59	49.65	57.72	57.72	54.52	93.85	33.23	33.23	86.55	35.45	35.45	35.03	55.37	100.00	32.93	54.80	92.46	33.74	55.93	92.18	33.43	33.54	94.41	92.74	32.01	31.63	53.38	50.00	50.00	58.72	55.37	89.39	55.65	89.94	33.86	53.61	49.65	58.72	58.72	58.72	58.72	58.72	52.79	55.37	92.74	92.74	33.13	33.13	58.39	54.47	33.03	90.50	55.37	90.50	55.37	85.75	57.83	58.05	58.05	52.75	54.80	58.05	52.46	54.52	33.54	91.06	92.74	33.54	33.54	58.05	58.05	53.17	54.80	51.00	51.00	58.39	58.39	58.39	58.39	58.39	58.39	55.08	32.60	91.06	55.08	89.39	54.80	54.80	32.32	93.30	93.58	31.71	55.37	92.46	55.37	89.11	58.39	58.39	58.39	58.39	58.39	58.39	58.39	58.39	55.08	91.06	33.23	55.37	35.19	75.78	55.62	55.37	48.14	93.85	32.93	54.05	52.59	57.72	57.72	57.72	52.79	54.52	87.39	87.39	33.13	55.08	33.73	84.64	57.72	52.46	54.52	87.99	55.28	54.80	93.30	55.37	26.95	34.13	32.23	26.60	92.46	57.72	54.52	33.74	92.74	54.52	33.03	90.50	58.39	52.79	55.08	55.37	95.25	92.46	92.46	92.46	68.06	64.31	55.37	93.85	32.32	55.08	55.93	94.69	90.22	34.15	58.72	58.72	55.37	59.73	56.21	33.54	75.42	94.97	65.25	93.02	34.15	55.08	35.33	86.83	55.37	32.63	21.24	87.96	57.72	57.72	54.52	33.54	90.78	58.05	58.05	54.80	34.73
KAN3898344.1	31.87	31.87	32.22	32.22	35.51	35.51	35.37	34.24	32.71	32.60	32.60	32.83	32.62	85.96	85.96	32.32	58.46	58.46	58.46	33.13	32.93	100.00	32.52	32.93	72.86	32.52	32.62	75.73	83.92	33.23	32.93	85.96	85.96	33.99	31.07	31.07	32.23	32.52	34.15	32.83	33.23	64.46	34.80	32.10	33.33	33.33	33.33	33.33	33.33	32.64	33.13	32.93	32.93	81.52	81.52	32.60	32.83	74.71	33.84	32.83	32.93	32.83	32.83	35.38	32.60	32.60	32.30	32.83	32.60	32.29	32.52	78.07	33.84	32.93	86.55	86.55	31.87	31.87	29.74	32.22	29.06	29.06	33.33	33.33	33.33	33.33	33.33	33.33	33.13	61.28	33.23	32.83	32.62	32.52	32.52	82.75	33.23	33.84	85.96	32.52	33.23	32.52	34.15	33.33	33.33	33.33	33.33	33.33	33.33	33.33	33.33	33.13	33.23	61.28	31.91	69.73	35.58	31.53	32.52	28.12	32.62	87.72	34.96	33.46	32.60	32.60	32.60	32.64	32.83	32.32	32.34	60.65	33.13	59.47	32.83	32.60	32.29	32.83	33.54	34.46	32.22	32.93	32.83	60.65	78.20	83.63	60.65	33.84	32.60	32.83	82.75	33.23	32.52	75.73	33.84	32.23	32.64	32.52	32.52	32.62	33.23	33.23	33.23	32.17	31.67	32.52	33.23	85.96	32.52	32.52	33.54	33.84	87.13	32.23	32.23	32.52	32.23	32.52	86.84	34.05	33.54	31.90	32.32	83.63	32.83	59.94	31.71	32.52	62.91	36.09	32.62	34.07	34.07	33.74	62.35	32.93	32.60	32.60	32.83	59.05
KAN3815460.1	96.32	96.32	96.62	96.62	97.30	97.30	96.92	93.73	89.12	96.32	96.32	96.34	54.80	33.13	33.13	53.26	29.91	29.91	29.91	96.34	54.80	32.52	100.00	55.37	29.97	96.34	54.24	31.52	32.52	55.37	54.80	33.43	33.43	95.13	87.80	87.80	95.99	96.06	54.80	94.93	53.95	33.44	93.94	87.11	93.31	93.31	93.31	93.31	93.31	88.89	93.52	53.95	53.95	33.74	33.74	94.98	95.49	31.71	53.67	94.08	54.52	94.08	53.67	96.54	95.65	95.65	90.00	96.06	94.65	90.20	94.93	34.35	56.21	54.52	33.13	33.13	95.99	95.99	89.16	96.34	87.86	87.86	93.65	93.65	93.65	93.65	93.65	93.65	93.80	32.19	55.08	94.37	54.52	96.06	96.34	32.22	54.80	54.80	32.83	95.77	54.52	94.93	54.52	93.65	93.65	93.65	93.65	93.65	93.65	93.65	93.65	93.80	55.08	32.19	94.08	34.46	52.74	92.83	96.90	81.21	55.08	32.52	96.92	93.73	95.65	95.65	95.65	90.85	96.06	52.97	52.97	30.12	96.34	30.42	52.82	95.32	89.87	95.77	52.82	96.84	95.77	55.08	95.49	26.21	33.66	33.13	26.21	54.24	94.65	95.21	35.15	56.21	95.49	32.33	54.80	94.31	89.87	94.93	96.90	54.24	54.52	54.52	54.52	41.54	39.29	96.34	55.37	32.83	95.21	96.34	54.80	56.21	32.22	94.98	94.98	95.49	94.31	94.93	32.83	46.35	55.08	39.78	55.08	33.13	95.77	30.82	52.69	96.06	29.31	18.06	53.82	92.64	92.64	92.68	31.56	54.52	95.32	95.32	95.49	29.61
KAN3796834.1	58.05	58.05	55.37	55.37	55.43	55.43	55.21	53.33	50.70	57.72	57.72	55.08	93.85	33.84	33.84	86.83	36.36	36.36	35.93	55.93	92.46	32.93	55.37	100.00	34.05	56.50	92.74	33.13	34.15	92.18	91.90	32.93	32.83	54.51	51.02	51.02	58.72	55.93	87.71	56.21	89.94	34.80	54.75	50.35	58.05	58.05	58.05	58.05	58.05	52.79	55.37	91.90	91.90	34.04	34.04	58.39	55.03	33.03	88.83	55.65	89.11	55.93	84.92	58.26	58.05	58.05	53.40	55.37	58.05	53.11	55.08	34.45	89.66	92.74	34.15	34.15	58.05	58.05	53.17	55.37	51.00	51.00	57.72	57.72	57.72	57.72	57.72	57.72	55.08	33.23	91.06	55.65	88.83	55.37	55.37	33.54	93.02	91.90	32.01	55.93	92.74	55.93	88.83	57.72	57.72	57.72	57.72	57.72	57.72	57.72	57.72	55.08	91.06	33.86	55.93	35.80	76.92	55.62	55.93	48.42	92.74	33.54	55.21	53.33	57.72	57.72	57.72	53.44	55.08	87.11	87.11	34.03	55.65	34.63	84.36	57.72	53.11	55.08	86.31	55.99	55.37	92.46	55.93	26.62	34.13	32.53	26.28	90.50	57.72	55.08	34.95	91.62	55.37	33.33	89.66	58.39	53.44	55.65	55.93	93.02	91.62	91.62	91.62	68.44	64.66	55.93	92.74	33.23	55.65	56.50	92.74	89.39	34.76	58.72	58.72	55.93	59.73	56.78	34.15	74.15	92.18	64.18	90.50	34.45	55.65	36.23	86.83	55.93	33.83	21.68	88.24	57.05	57.05	54.52	34.17	90.22	58.05	58.05	55.37	35.33
KAN3796733.1	29.78	29.78	29.66	29.66	33.74	33.74	33.61	32.55	31.46	30.51	30.51	30.28	33.44	71.09	71.09	33.44	60.00	60.00	60.00	30.28	33.74	72.86	29.97	34.05	100.00	29.97	33.74	68.73	71.39	33.13	34.05	70.21	70.21	32.67	29.50	29.50	30.15	29.97	34.97	30.58	34.66	62.42	33.47	31.23	30.15	30.15	30.15	30.15	30.15	31.12	30.28	33.44	33.43	68.34	68.34	30.51	30.28	67.66	34.36	30.58	33.74	30.28	33.94	35.07	30.51	30.51	30.45	30.28	30.51	30.42	29.97	69.62	33.13	33.74	71.09	71.09	29.41	29.41	27.63	29.36	26.96	26.96	30.15	30.15	30.15	30.15	30.15	30.15	30.28	61.35	34.66	29.97	33.44	29.97	29.97	68.44	32.82	34.05	69.32	29.97	33.74	30.28	34.97	30.15	30.15	30.15	30.15	30.15	30.15	30.15	30.15	30.28	34.66	62.27	29.66	65.27	37.04	29.59	29.97	26.73	33.13	72.57	33.20	31.76	30.15	30.15	30.15	30.77	29.97	33.74	33.73	60.12	30.58	60.42	33.94	30.51	30.42	30.28	34.97	33.21	30.28	33.74	29.97	54.55	70.81	68.14	54.55	33.74	30.15	29.97	69.32	33.13	29.97	68.53	34.05	30.15	30.77	29.97	29.97	34.36	34.05	34.05	34.05	31.64	31.43	29.97	33.44	69.91	29.97	30.28	33.44	34.36	72.57	30.15	30.15	29.97	30.15	29.97	72.27	32.61	33.44	30.58	33.74	73.45	30.28	60.00	33.74	30.58	61.79	35.50	34.36	30.15	30.15	30.28	62.42	34.66	30.51	30.51	30.28	59.70
KAN3276177.1	98.33	98.33	98.59	98.59	98.07	98.07	97.69	94.46	89.47	97.66	97.66	97.75	55.08	32.83	32.83	53.82	29.91	29.91	29.91	97.46	55.93	32.52	96.34	56.50	29.97	100.00	54.80	31.52	32.83	56.50	55.93	33.13	33.13	95.88	88.81	88.81	98.33	98.31	55.93	96.62	55.08	33.75	94.70	87.46	95.65	95.65	95.65	95.65	95.65	90.20	95.77	55.08	55.08	33.43	33.43	97.32	97.75	31.71	54.80	96.06	55.65	95.77	54.52	97.40	96.99	96.99	91.29	97.46	95.99	91.50	96.34	34.35	56.78	55.37	33.13	33.13	97.99	97.99	91.27	98.31	89.88	89.88	95.65	95.65	95.65	95.65	95.65	95.65	95.77	32.50	56.21	96.34	55.37	98.03	98.31	32.52	55.93	55.37	32.52	97.75	55.08	96.90	55.65	95.65	95.65	95.65	95.65	95.65	95.65	95.65	95.65	95.77	56.21	32.50	95.21	34.46	53.89	95.02	98.87	82.95	55.65	32.22	97.69	94.46	96.32	96.32	96.32	91.50	96.90	54.11	54.11	30.12	98.31	30.42	53.67	96.66	91.18	97.18	53.67	98.25	98.03	55.65	97.75	26.54	33.66	32.83	26.54	54.80	97.32	97.75	34.85	56.78	98.03	32.02	55.37	95.99	90.85	96.62	98.87	55.37	55.08	55.08	55.08	41.15	38.93	98.31	56.21	32.83	97.18	98.31	55.93	57.34	32.22	96.66	96.66	97.18	97.32	97.75	33.13	45.92	56.21	39.43	55.65	32.83	97.75	30.82	53.82	98.03	29.31	18.06	54.67	94.65	94.65	94.65	31.87	55.65	97.32	97.32	97.46	29.61
KAN3244679.1	56.71	56.71	53.67	53.67	54.26	54.26	54.05	52.22	49.65	57.05	57.05	53.95	93.85	33.23	33.23	86.83	35.76	35.76	35.01	54.80	92.18	32.62	54.24	92.74	33.74	54.80	100.00	33.43	33.54	92.46	90.78	32.32	31.45	53.38	50.00	50.00	57.38	54.24	88.27	54.52	88.27	33.86	53.61	49.65	57.05	57.05	57.05	57.05	57.05	52.13	53.95	91.34	91.34	32.84	32.84	57.05	48.17	32.72	88.83	53.95	89.39	54.52	85.47	57.83	57.38	57.38	52.43	54.24	57.38	52.46	53.95	33.54	91.06	92.18	33.54	33.54	56.71	56.71	51.96	53.67	48.48	45.85	56.71	56.71	56.71	56.71	56.71	56.71	53.67	32.60	89.11	53.95	88.83	53.67	53.67	32.62	92.74	92.46	31.71	54.24	92.18	54.52	89.66	56.71	56.71	56.71	56.71	56.71	56.71	56.71	56.71	53.67	89.11	33.23	55.08	35.49	75.78	54.37	54.24	44.47	92.74	32.93	54.44	52.59	57.38	57.38	57.38	52.79	54.24	87.96	87.96	33.43	53.95	33.33	85.20	57.05	52.13	53.95	86.03	54.93	53.67	93.58	54.24	26.95	32.44	31.09	26.23	92.46	56.38	53.39	34.65	91.90	53.67	32.73	89.66	57.05	52.46	53.95	54.24	92.18	92.46	92.46	92.46	69.20	65.02	54.24	92.18	32.62	53.95	54.80	91.90	88.27	33.84	57.38	57.38	54.24	58.39	55.08	33.54	74.58	92.46	64.18	91.90	33.84	53.95	35.61	86.55	54.24	32.34	20.80	87.68	56.04	56.04	53.11	33.23	88.27	56.71	56.71	53.67	34.72
KAN3244455.1	31.75	31.75	31.21	31.21	35.51	35.51	35.37	34.24	32.59	32.48	32.48	31.82	33.43	78.36	78.36	33.43	55.33	55.33	55.33	32.12	33.43	75.73	31.52	33.13	68.73	31.52	33.43	100.00	76.61	32.83	32.83	75.73	75.73	33.99	31.43	31.43	32.12	31.52	34.35	31.82	34.35	61.75	34.80	31.99	33.21	33.21	33.21	33.21	33.21	32.53	32.12	33.74	33.73	76.25	76.25	32.48	31.82	68.82	33.74	31.82	33.74	31.82	33.64	36.79	32.48	32.48	32.19	31.82	32.48	32.18	31.52	73.98	33.13	34.04	79.24	79.24	31.75	31.75	29.97	31.21	29.28	29.28	33.21	33.21	33.21	33.21	33.21	33.21	32.12	58.84	34.35	31.82	32.22	31.52	31.52	75.15	32.83	33.13	77.49	31.52	33.43	31.52	34.35	33.21	33.21	33.21	33.21	33.21	33.21	33.21	33.21	32.12	34.35	58.84	30.61	63.80	36.20	31.42	31.21	27.73	32.52	76.90	34.96	33.46	32.48	32.48	32.48	32.18	31.82	33.13	33.43	55.75	32.12	56.93	33.94	32.48	32.18	31.82	33.13	34.70	31.21	33.43	31.82	54.98	71.09	76.32	54.98	34.04	32.48	31.82	72.89	32.83	31.52	69.88	33.43	32.12	32.18	31.52	31.52	33.13	33.43	33.43	33.43	32.56	32.38	31.52	33.43	77.49	31.52	31.52	33.13	33.13	78.36	32.12	32.12	31.52	32.12	31.52	78.07	33.62	33.13	31.90	33.74	74.85	31.82	56.80	33.13	32.12	57.69	33.33	33.43	33.58	33.58	32.42	59.34	34.04	32.48	32.48	31.82	56.51
KAN1728004.1	32.97	32.97	32.52	32.52	35.92	35.92	35.77	34.63	33.09	33.70	33.70	33.13	33.23	87.72	87.72	33.54	58.75	58.75	58.75	33.13	33.54	83.92	32.52	34.15	71.39	32.83	33.54	76.61	100.00	32.93	33.23	86.26	86.26	34.39	31.79	31.79	33.33	32.83	34.15	32.83	33.84	65.66	35.20	32.47	34.07	34.07	34.07	34.07	34.07	32.99	33.13	33.54	33.53	83.58	83.58	33.70	33.13	76.76	34.15	32.52	33.54	32.22	33.43	37.26	33.70	33.70	32.65	33.13	32.97	32.29	32.22	78.07	33.54	33.84	89.18	89.18	32.97	32.97	30.72	32.52	30.00	30.00	34.07	34.07	34.07	34.07	34.07	34.07	33.13	63.41	33.84	32.52	33.23	32.52	32.83	84.50	32.62	33.84	83.92	32.83	33.84	32.83	33.84	34.07	34.07	34.07	34.07	34.07	34.07	34.07	34.07	33.13	33.84	63.72	32.22	70.62	36.20	32.54	32.83	29.38	32.32	89.77	35.37	33.85	33.33	33.33	33.33	32.64	32.83	32.93	32.93	61.24	33.43	60.36	33.74	33.70	32.64	33.13	34.15	35.21	32.52	33.23	32.83	59.68	78.67	83.63	59.68	33.54	32.97	32.52	81.58	33.23	32.83	74.85	34.76	32.97	32.29	32.52	32.83	33.54	33.54	33.54	33.54	31.40	32.74	32.83	32.93	88.01	32.83	33.13	32.93	34.45	89.18	33.33	33.33	32.83	33.33	32.83	93.86	32.76	33.23	32.26	32.93	85.38	33.13	61.42	32.62	33.13	62.61	34.78	33.54	34.43	34.43	33.43	63.86	33.54	33.70	33.70	33.13	60.24
KAN1727817.1	58.72	58.72	55.37	55.37	54.65	54.65	54.44	52.59	49.65	58.39	58.39	55.08	94.13	33.23	33.23	86.83	34.85	34.85	34.43	55.93	94.41	33.23	55.37	92.18	33.13	56.50	92.46	32.83	32.93	100.00	93.30	32.32	31.93	53.76	50.34	50.34	59.40	55.93	90.50	56.21	89.39	33.23	53.99	49.65	59.06	59.06	59.06	59.06	59.06	52.46	55.65	93.02	93.02	34.04	34.04	59.06	55.03	33.33	91.62	55.65	90.50	55.93	85.75	58.70	58.72	58.72	52.75	55.37	59.06	52.79	55.37	34.15	93.30	92.74	33.54	33.54	58.72	58.72	53.78	55.37	51.29	51.29	58.72	58.72	58.72	58.72	58.72	58.72	55.37	31.97	91.06	55.65	88.83	55.37	55.37	32.62	95.53	93.30	32.32	55.93	92.74	55.93	90.22	58.72	58.72	58.72	58.72	58.72	58.72	58.72	58.72	55.37	91.06	32.60	55.93	35.80	76.64	56.25	55.93	48.71	95.53	32.01	54.44	52.59	58.39	58.39	58.39	52.79	55.08	87.96	87.96	32.54	55.65	33.13	84.92	58.39	52.46	55.08	89.39	55.28	55.37	94.41	55.93	27.27	34.62	32.83	26.92	93.58	58.39	55.08	34.35	93.85	55.37	33.64	90.78	58.72	52.46	55.37	55.93	94.41	94.41	94.41	94.41	70.34	66.43	55.93	95.25	32.62	55.65	56.50	95.53	89.94	33.54	59.40	59.40	55.93	60.40	56.78	33.54	79.24	98.60	68.44	93.58	34.15	55.65	34.73	87.39	55.37	32.63	21.24	87.68	58.05	58.05	54.80	33.23	90.22	58.72	58.72	55.37	34.13
